HESSENfflEm-’ssm m

6166 6661166 de 66116 66611666, comme: 661166 qui 6616661 dans
nostre corps, 66 166116666116, 666 6666666 666166 corps 661
1666611666, 61 16166 661 16 λ166166 116 nostre substance, 1166 661
116 meme 1166661666 6666166666 66666661166. Ι111 16 616 166666
666 6166 de 1111166116 6611666611 1161166666, 611 Fon (16-
666666 11666666 116 16616616. Les (11111661166 666666 1611 66
666 6666116666 6166666166166 661666 66166 n’a 666 666666666-
ment une 661166 66666 1116116616116 166161 de 16666116, 661
11666 16 fonds 6661 66166 chose 66666666161116666611161116
1661, 6166 666166616666 homogene. 61661 1166 6661166 666-
6661666611166666 16611661166111 611 ‘ou 66’11 6’61166161666

· 66116 66611616163-11 661 my 666 16 1661 661 6 666 6661161616

66116, 6661 1161666666 16 6666161161116 616 6166666, 11666611
perde 66 66666 1166 6661166, comme nous 6666616661666 66
'nous 6666666 61661166 61666666 6661 des 6666161161666161116
616 666 666 166166661 Mais 61 66 6611661611 6661616666 116
66611666 6661666 chose qui 6611 1166616666 1666661161 6 16 666666
substance, 66 66666611666666616 quelques 661616611666666-
1661166 666 11 16 661666666666616666161116611666661161666661
66 66 6666 16 66611666- 66 666611· 66161-11661166 ny 1116161116,
bien qu'ello 666611166616616611616 1116161111116 66 116 66 qui
6666616161 6 16 substance. ” Mais jes 66 6666 666 1116661166 ἲ116
16666611661666666.] · ' , ’ “ ’

. ⁴3. Vous 61166166 66616 6161116616 66161 116 1661666 66616
61661161166 666,11666·1666666 6616666166 666166661661666616116
66661661 6661166616 111116, Lot. tous: 166 66666 ,6666616116661661
616611 6611αρ 66666666666661 1661666666 66 66666166161611166
1616666 66166, 161666666161661661 plusieurs ’661666 6 finique
166 6666666166661 6616666166·66.’.ι16 66666116 666 6666666661
6611 y 6666 6666166. 66161661161166611661666166 66 6616666616-
6166666 66666661166, 11 'en 16611661666666··66 66. 6616166666666
6666 6616666666 1666 de 1’11666666,.661“66166661661166611666
666116161666116, 666666 ame luy-donne, 6666161661 66616
masse 116666 66666 6616161666 66 6666666,Δ 66666, 1666666666,
6666116; 61 666 1666661166 66616161666 6666 616616 111666 1611-
6116 11661666 6616166666 666666611661166666 de leur 6666666
66161661166.11616666 66116 3666 6161661166 66661661 en substance
6666 16 precedente, 66116 66161166 66666166 66661. ,ἢκ

’4. 11666 16666 666 ‹fest-sans 1661666661,ι 66166 donne 666
6666 666 1666166, 61 vous 6666116611661116166 66611, 6116 1666611

 

